dmin=75
272564
read VLWs File
VLWs sorted
chr ranges assigned
1000000
2000000
3000000
4000000
5000000
6000000
7000000
8000000
9000000
10000000
11000000
12000000
13000000
14000000
15000000
16000000
17000000
18000000
19000000
20000000
21000000
22000000
23000000
24000000
25000000
26000000
27000000
28000000
29000000
30000000
31000000
32000000
33000000
34000000
35000000
36000000
37000000
38000000
39000000
40000000
41000000
42000000
43000000
44000000
45000000
46000000
47000000
48000000
49000000
50000000
51000000
52000000
53000000
54000000
55000000
56000000
57000000
58000000
59000000
60000000
61000000
62000000
63000000
64000000
65000000
66000000
67000000
68000000
69000000
70000000
71000000
72000000
73000000
74000000
75000000
76000000
77000000
78000000
79000000
80000000
81000000
82000000
83000000
84000000
85000000
86000000
87000000
88000000
89000000
90000000
91000000
92000000
93000000
94000000
95000000
96000000
97000000
98000000
99000000
100000000
101000000
102000000
103000000
104000000
105000000
106000000
107000000
108000000
109000000
110000000
111000000
112000000
113000000
114000000
115000000
116000000
117000000
118000000
119000000
120000000
121000000
122000000
123000000
124000000
125000000
126000000
127000000
128000000
129000000
130000000
131000000
132000000
133000000
134000000
135000000
136000000
137000000
138000000
139000000
140000000
141000000
142000000
143000000
144000000
145000000
146000000
147000000
148000000
149000000
150000000
151000000
152000000
153000000
154000000
155000000
156000000
157000000
158000000
159000000
160000000
161000000
162000000
163000000
164000000
165000000
166000000
167000000
168000000
169000000
170000000
171000000
172000000
173000000
174000000
175000000
176000000
177000000
178000000
179000000
180000000
181000000
182000000
183000000
184000000
185000000
186000000
187000000
188000000
189000000
190000000
191000000
192000000
193000000
194000000
195000000
196000000
197000000
198000000
199000000
200000000
201000000
202000000
203000000
204000000
205000000
206000000
207000000
208000000
209000000
210000000
211000000
212000000
213000000
214000000
215000000
216000000
217000000
218000000
219000000
220000000
221000000
222000000
223000000
224000000
225000000
226000000
227000000
228000000
229000000
230000000
231000000
232000000
233000000
234000000
235000000
236000000
237000000
238000000
239000000
240000000
241000000
242000000
243000000
244000000
245000000
246000000
247000000
248000000
249000000
250000000
251000000
252000000
253000000
254000000
255000000
256000000
257000000
258000000
259000000
260000000
261000000
262000000
263000000
264000000
265000000
266000000
267000000
268000000
269000000
270000000
271000000
272000000
273000000
274000000
275000000
276000000
277000000
278000000
279000000
280000000
281000000
282000000
283000000
284000000
285000000
286000000
287000000
288000000
289000000
290000000
291000000
292000000
293000000
294000000
295000000
296000000
297000000
298000000
299000000
300000000
301000000
302000000
303000000
304000000
305000000
306000000
307000000
308000000
309000000
310000000
311000000
312000000
313000000
314000000
315000000
316000000
317000000
318000000
319000000
320000000
321000000
322000000
323000000
324000000
325000000
326000000
327000000
328000000
329000000
330000000
331000000
332000000
333000000
334000000
335000000
336000000
337000000
338000000
339000000
340000000
341000000
342000000
343000000
344000000
345000000
346000000
347000000
348000000
349000000
350000000
351000000
352000000
353000000
354000000
355000000
356000000
357000000
358000000
359000000
360000000
361000000
362000000
363000000
364000000
365000000
366000000
367000000
368000000
369000000
370000000
371000000
372000000
373000000
374000000
375000000
376000000
377000000
378000000
379000000
380000000
381000000
382000000
383000000
384000000
385000000
386000000
387000000
388000000
389000000
390000000
391000000
392000000
393000000
394000000
395000000
396000000
397000000
398000000
399000000
400000000
401000000
402000000
403000000
404000000
405000000
406000000
407000000
408000000
409000000
410000000
411000000
412000000
413000000
414000000
415000000
416000000
417000000
418000000
419000000
420000000
421000000
422000000
423000000
424000000
425000000
426000000
427000000
428000000
429000000
430000000
431000000
432000000
433000000
434000000
435000000
436000000
437000000
438000000
439000000
440000000
441000000
442000000
443000000
444000000
445000000
446000000
447000000
448000000
449000000
450000000
451000000
452000000
453000000
454000000
455000000
456000000
457000000
458000000
459000000
460000000
461000000
462000000
463000000
464000000
465000000
466000000
467000000
468000000
469000000
470000000
471000000
472000000
473000000
474000000
475000000
476000000
477000000
478000000
479000000
480000000
481000000
482000000
483000000
484000000
485000000
486000000
487000000
488000000
489000000
490000000
491000000
492000000
493000000
494000000
495000000
496000000
497000000
498000000
499000000
500000000
501000000
502000000
503000000
504000000
505000000
506000000
507000000
508000000
509000000
510000000
511000000
512000000
513000000
514000000
515000000
516000000
517000000
518000000
519000000
520000000
521000000
522000000
523000000
524000000
525000000
526000000
527000000
528000000
529000000
530000000
531000000
532000000
533000000
534000000
535000000
536000000
537000000
538000000
539000000
540000000
541000000
542000000
543000000
544000000
545000000
546000000
547000000
548000000
549000000
550000000
551000000
552000000
553000000
554000000
555000000
556000000
557000000
558000000
559000000
560000000
561000000
562000000
563000000
564000000
565000000
566000000
567000000
568000000
569000000
570000000
571000000
572000000
573000000
574000000
575000000
576000000
577000000
578000000
579000000
580000000
581000000
582000000
583000000
584000000
585000000
586000000
587000000
588000000
589000000
590000000
L=-166912920.9483372	maxdevc=0
L=-151232215.12656853	maxdevc=2.4909513800637533
L=-147739683.26300189	maxdevc=2.2083724798073709
L=-146929877.07600352	maxdevc=0.70786220813662237
L=-146851042.84224918	maxdevc=0.2466573518998528
L=-146816537.42640132	maxdevc=0.2067691725368713
L=-146784263.4852604	maxdevc=0.21692569019350472
L=-146772726.50729802	maxdevc=0.11863756656530842
L=-146770025.94017401	maxdevc=0.079200690857352055
L=-146769636.9579328	maxdevc=0.14229642949165958
L=-146769470.86376685	maxdevc=0.1101556450587073
L=-146769341.78896651	maxdevc=0.1199639802055588
L=-146769231.08569568	maxdevc=0.16324444049325193
L=-146769134.53792608	maxdevc=0.1477315380612457
L=-146769051.92147142	maxdevc=0.22575814629454516
L=-146768979.69630635	maxdevc=0.04615468506901324
L=-146768916.11069363	maxdevc=0.022047413200986275
L=-146768859.99468064	maxdevc=0.093025299048422008
L=-146768810.02962315	maxdevc=0.024533631500034497
L=-146768765.38040686	maxdevc=0.057433773283736722
L=-146768725.14214742	maxdevc=0.065979163571741065
L=-146768688.6623134	maxdevc=0.025523424278448833
L=-146768655.32640252	maxdevc=0.018332736686180035
L=-146768624.2434653	maxdevc=0.10115583567704656
L=-146768590.65162513	maxdevc=0.045685587147011111
L=-146768560.86448839	maxdevc=0.041109267999145181
L=-146768534.76938024	maxdevc=0.14879859991729341
L=-146768513.21407071	maxdevc=0.014465885390471925
L=-146768493.33650371	maxdevc=0.014133846171741696
L=-146768475.02067906	maxdevc=0.015667783998730991
L=-146768457.97874337	maxdevc=0.0080368024126777748
L=-146768442.07615757	maxdevc=0.039661147579464408
L=-146768426.50426286	maxdevc=0.20464133309606086
L=-146768411.43613711	maxdevc=0.075296263415294093
L=-146768398.07893798	maxdevc=0.071380929865213674
L=-146768385.74941906	maxdevc=0.01650464036718224
L=-146768374.35951757	maxdevc=0.079134011758446782
L=-146768363.65788388	maxdevc=0.0099631769382446753
L=-146768353.66727906	maxdevc=0.012191822831846966
L=-146768344.26813141	maxdevc=0.052804037591148552
L=-146768335.13999167	maxdevc=0.019011759965621728
L=-146768326.5780673	maxdevc=0.086470978357575487
L=-146768318.3131378	maxdevc=0.036385782096478879
L=-146768310.22969651	maxdevc=0.078197120205851872
L=-146768301.93319234	maxdevc=0.15088781012364541
L=-146768294.22696862	maxdevc=0.039269958502471433
L=-146768287.53876016	maxdevc=0.029941324078058218
L=-146768281.1214146	maxdevc=0.017193279801272495
L=-146768274.88348678	maxdevc=0.030917588403021976
L=-146768269.05113918	maxdevc=0.016687775781809938
L=-146768263.69070488	maxdevc=0.024805038611402659
L=-146768258.60256892	maxdevc=0.024693334367018083
L=-146768253.74246398	maxdevc=0.022921861155984775
L=-146768249.08796766	maxdevc=0.020304268667411612
L=-146768244.61506632	maxdevc=0.017411339839580386
L=-146768240.30125424	maxdevc=0.015025205360572187
L=-146768236.12918049	maxdevc=0.013042168258892929
L=-146768232.19452226	maxdevc=0.0092165212725977656
L=-146768228.45481777	maxdevc=0.0047738559777637879
L=-146768224.86491555	maxdevc=0.003202589937823973
L=-146768221.41428947	maxdevc=0.0023766305895377032
L=-146768218.09521496	maxdevc=0.0017969714872965437
L=-146768214.900868	maxdevc=0.0013520165009776584
L=-146768211.82468969	maxdevc=0.0010057194392800492
L=-146768208.86039859	maxdevc=0.0007398534606734169
L=-146768206.00255933	maxdevc=0.00053974598256079369
L=-146768203.24552208	maxdevc=0.00039044239808648404
L=-146768200.58414698	maxdevc=0.00028007841507521862
L=-146768198.01362771	maxdevc=0.00019921152746497784
L=-146768195.52967018	maxdevc=0.00014042605290797894
L=-146768193.12875614	maxdevc=0.00045756283380772524
L=-146768190.80775979	maxdevc=0.00044770629689644322
L=-146768188.56318808	maxdevc=0.00043806223030496316
L=-146768186.39149761	maxdevc=0.00042860795688474327
L=-146768184.28898075	maxdevc=0.0004193453527526106
L=-146768182.25254792	maxdevc=0.00041026844527851895
L=-146768180.27933949	maxdevc=0.00034047622045169508
L=-146768178.36661965	maxdevc=0.00033300595156353011
L=-146768176.51199123	maxdevc=0.00032578329317765165
L=-146768174.71327046	maxdevc=0.00037654686170025153
L=-146768172.96820173	maxdevc=0.00036863678178849628
L=-146768171.27481669	maxdevc=0.00036096695673307633
L=-146768169.6313892	maxdevc=0.00035326777710181193
L=-146768168.0362106	maxdevc=0.0003456283176208225
L=-146768166.48743176	maxdevc=0.00033810621738245808
L=-146768164.98313165	maxdevc=0.00033079231283040947
L=-146768163.52157918	maxdevc=0.00032383874400804925
L=-146768162.10105902	maxdevc=0.00031697487268778383
L=-146768160.72003421	maxdevc=0.00031019950297429241
L=-146768159.37712356	maxdevc=0.00030354954305753451
L=-146768158.07094464	maxdevc=0.00029715554173437135
L=-146768156.80015865	maxdevc=0.0002909005005881944
L=-146768155.56336939	maxdevc=0.00028537500286282075
L=-146768154.35939395	maxdevc=0.00027977639664491339
L=-146768153.1870681	maxdevc=0.00027423989197134988
L=-146768152.04536569	maxdevc=0.0005438107495758372
L=-146768150.9332836	maxdevc=0.00053653520420710694
L=-146768149.84988716	maxdevc=0.00052934350804090529
L=-146768148.79428878	maxdevc=0.00052223602133912928
L=-146768147.76568967	maxdevc=0.00051521304792136072
L=-146768146.76317367	maxdevc=0.00050825596470140512
L=-146768145.78577489	maxdevc=0.00050137838703079806
