dmin=75
272564
read VLWs File
VLWs sorted
chr ranges assigned
1000000
2000000
3000000
4000000
5000000
6000000
7000000
8000000
9000000
10000000
11000000
12000000
13000000
14000000
15000000
16000000
17000000
18000000
19000000
20000000
21000000
22000000
23000000
24000000
25000000
26000000
27000000
28000000
29000000
30000000
31000000
32000000
33000000
34000000
35000000
36000000
37000000
38000000
39000000
40000000
41000000
42000000
43000000
44000000
45000000
46000000
47000000
48000000
49000000
50000000
51000000
52000000
53000000
54000000
55000000
56000000
57000000
58000000
59000000
60000000
61000000
62000000
63000000
64000000
65000000
66000000
67000000
68000000
69000000
70000000
71000000
72000000
73000000
74000000
75000000
76000000
77000000
78000000
79000000
80000000
81000000
82000000
83000000
84000000
85000000
86000000
87000000
88000000
89000000
90000000
91000000
92000000
93000000
94000000
95000000
96000000
97000000
98000000
99000000
100000000
101000000
102000000
103000000
104000000
105000000
106000000
107000000
108000000
109000000
110000000
111000000
112000000
113000000
114000000
115000000
116000000
117000000
118000000
119000000
120000000
121000000
122000000
123000000
124000000
125000000
126000000
127000000
128000000
129000000
130000000
131000000
132000000
133000000
134000000
135000000
136000000
137000000
138000000
139000000
140000000
141000000
142000000
143000000
144000000
145000000
146000000
147000000
148000000
149000000
150000000
151000000
152000000
153000000
154000000
155000000
156000000
157000000
158000000
159000000
160000000
161000000
162000000
163000000
164000000
165000000
166000000
167000000
168000000
169000000
170000000
171000000
172000000
173000000
174000000
175000000
176000000
177000000
178000000
179000000
180000000
181000000
182000000
183000000
184000000
185000000
186000000
187000000
188000000
189000000
190000000
191000000
192000000
193000000
194000000
195000000
196000000
197000000
198000000
199000000
200000000
201000000
202000000
203000000
204000000
205000000
206000000
207000000
208000000
209000000
210000000
211000000
212000000
213000000
214000000
215000000
216000000
217000000
218000000
219000000
220000000
221000000
222000000
223000000
224000000
225000000
226000000
227000000
228000000
229000000
230000000
231000000
232000000
233000000
234000000
235000000
236000000
237000000
238000000
239000000
240000000
241000000
242000000
243000000
244000000
245000000
246000000
247000000
248000000
249000000
250000000
251000000
252000000
253000000
254000000
255000000
256000000
257000000
258000000
259000000
260000000
261000000
262000000
263000000
264000000
265000000
266000000
267000000
268000000
269000000
270000000
271000000
272000000
273000000
274000000
275000000
276000000
277000000
278000000
279000000
280000000
281000000
282000000
283000000
284000000
285000000
286000000
287000000
288000000
289000000
290000000
291000000
292000000
293000000
294000000
295000000
296000000
297000000
298000000
299000000
300000000
301000000
302000000
303000000
304000000
305000000
306000000
307000000
308000000
309000000
310000000
311000000
312000000
313000000
314000000
315000000
316000000
317000000
318000000
319000000
320000000
321000000
322000000
323000000
324000000
325000000
326000000
327000000
328000000
329000000
330000000
331000000
332000000
333000000
334000000
335000000
336000000
337000000
338000000
339000000
340000000
341000000
342000000
343000000
344000000
345000000
346000000
347000000
348000000
349000000
350000000
351000000
352000000
353000000
354000000
355000000
356000000
357000000
358000000
359000000
360000000
361000000
362000000
363000000
364000000
365000000
366000000
367000000
368000000
369000000
370000000
371000000
372000000
373000000
374000000
375000000
376000000
377000000
378000000
379000000
380000000
381000000
382000000
383000000
384000000
385000000
386000000
387000000
388000000
389000000
390000000
391000000
392000000
393000000
394000000
395000000
396000000
397000000
398000000
399000000
400000000
401000000
402000000
403000000
404000000
405000000
406000000
407000000
408000000
409000000
410000000
411000000
412000000
413000000
414000000
415000000
416000000
417000000
418000000
419000000
420000000
421000000
422000000
423000000
424000000
425000000
426000000
427000000
428000000
429000000
430000000
431000000
432000000
433000000
434000000
435000000
436000000
437000000
438000000
439000000
440000000
441000000
442000000
443000000
444000000
445000000
446000000
447000000
448000000
449000000
450000000
451000000
452000000
453000000
454000000
455000000
456000000
457000000
458000000
459000000
460000000
461000000
462000000
463000000
464000000
465000000
466000000
467000000
468000000
469000000
470000000
471000000
472000000
473000000
474000000
475000000
476000000
477000000
478000000
479000000
480000000
481000000
482000000
483000000
484000000
485000000
486000000
487000000
488000000
489000000
490000000
491000000
492000000
493000000
494000000
495000000
496000000
497000000
498000000
499000000
500000000
501000000
502000000
503000000
504000000
505000000
506000000
507000000
508000000
509000000
510000000
511000000
512000000
513000000
514000000
515000000
516000000
517000000
518000000
519000000
520000000
521000000
522000000
523000000
524000000
525000000
526000000
527000000
528000000
529000000
530000000
531000000
532000000
533000000
534000000
535000000
536000000
537000000
538000000
539000000
540000000
541000000
542000000
543000000
544000000
545000000
546000000
547000000
548000000
549000000
550000000
551000000
552000000
553000000
554000000
555000000
556000000
557000000
558000000
559000000
560000000
561000000
562000000
563000000
564000000
565000000
566000000
567000000
568000000
569000000
570000000
571000000
572000000
573000000
574000000
575000000
576000000
577000000
578000000
579000000
580000000
581000000
582000000
583000000
584000000
585000000
586000000
587000000
588000000
589000000
590000000
591000000
592000000
593000000
594000000
595000000
596000000
597000000
598000000
L=-198912897.51140019	maxdevc=0
L=-180209769.0401386	maxdevc=2.4434375745882968
L=-174915103.00324181	maxdevc=0.84648084598593565
L=-174332804.13787797	maxdevc=0.65755242798912139
L=-174299883.45114645	maxdevc=0.70129030006078918
L=-174296867.28193507	maxdevc=0.77530287124011366
L=-174295571.71470687	maxdevc=0.61687804968384419
L=-174294687.25112149	maxdevc=0.089497284002458488
L=-174294030.84260851	maxdevc=0.10422555828070128
L=-174293526.92085984	maxdevc=0.046933792917952202
L=-174293128.03079724	maxdevc=0.092667253378293429
L=-174292808.40136307	maxdevc=0.077452371323823502
L=-174292547.74791068	maxdevc=0.11675842261306088
L=-174292330.31545439	maxdevc=0.12602147212376802
L=-174292145.91671112	maxdevc=0.101905973056527
L=-174291989.3492538	maxdevc=0.34551783910321715
L=-174291857.03110084	maxdevc=0.34922339219147736
L=-174291743.37600631	maxdevc=0.022228519613372587
L=-174291644.22283936	maxdevc=0.028546742489184606
L=-174291557.10712138	maxdevc=0.033439165839345086
L=-174291479.44367525	maxdevc=0.037992019765367542
L=-174291409.31594643	maxdevc=0.10345681775316441
L=-174291343.68774563	maxdevc=0.12152249866353025
L=-174291286.5522193	maxdevc=0.064360251543177982
L=-174291235.36724418	maxdevc=0.22558905993704381
L=-174291187.40832484	maxdevc=0.24543906553430606
L=-174291139.36700463	maxdevc=0.0072817886675499658
L=-174291097.93414599	maxdevc=0.11127182190320073
L=-174291060.03910506	maxdevc=0.031164840946989035
L=-174291026.05066773	maxdevc=0.24941325164317713
L=-174290994.84870893	maxdevc=0.0073732538247900017
L=-174290966.1430667	maxdevc=0.0065091329118694089
L=-174290939.20664665	maxdevc=0.074522248712030281
L=-174290914.36239836	maxdevc=0.096185290606162377
L=-174290891.93031654	maxdevc=0.078577364643474867
L=-174290871.98970366	maxdevc=0.062336962615955109
L=-174290853.09714222	maxdevc=0.0056908627953982903
L=-174290835.63134769	maxdevc=0.078972237647079779
L=-174290819.04918194	maxdevc=0.11613960471919638
L=-174290804.23371157	maxdevc=0.0011856949030168711
L=-174290790.34955701	maxdevc=0.068732493069328465
L=-174290777.09119418	maxdevc=0.011014368869804418
L=-174290764.84627664	maxdevc=0.0015623658888407337
L=-174290753.30400854	maxdevc=0.00038676230834586183
L=-174290742.40160558	maxdevc=0.00037050414511234138
L=-174290732.09053972	maxdevc=0.00031082143721773567
L=-174290722.32649139	maxdevc=0.00026714077749364365
L=-174290713.06878522	maxdevc=0.00020318480972854826
L=-174290704.27887455	maxdevc=0.00015497147187101739
L=-174290695.92235267	maxdevc=0.00012227657437759482
L=-174290687.96968243	maxdevc=9.6756582299879898e-05
L=-174290680.39363748	maxdevc=7.5965299738498136e-05
L=-174290673.17138958	maxdevc=5.9147156747545717e-05
L=-174290666.28107899	maxdevc=4.799904455009644e-05
L=-174290659.70041749	maxdevc=0.00038004163166177965
L=-174290653.41006616	maxdevc=0.00018929225262125511
L=-174290647.39268258	maxdevc=5.8610676184707307e-06
L=-174290641.63231423	maxdevc=0.00096264302085758021
L=-174290636.11376449	maxdevc=0.00094060810497207021
L=-174290630.82190502	maxdevc=0.0009179826981366671
L=-174290625.74398777	maxdevc=0.0010195349599378422
L=-174290620.86888194	maxdevc=0.00099728401322877352
L=-174290616.18618137	maxdevc=0.00097569563016780807
L=-174290611.68559387	maxdevc=0.00095526671870565551
L=-174290607.35719997	maxdevc=0.00093775683670422108
L=-174290603.19188619	maxdevc=0.00091856223554141498
L=-174290599.18099508	maxdevc=0.00090149086424527953
L=-174290595.31657436	maxdevc=0.00088457282948766608
L=-174290591.59145531	maxdevc=0.00086733787834258511
L=-174290587.99905351	maxdevc=0.00085085419264154221
L=-174290584.53331074	maxdevc=0.00083482053721801216
L=-174290581.18839562	maxdevc=0.00081913170792005132
L=-174290577.95848048	maxdevc=0.00080380768276731482
L=-174290574.8380833	maxdevc=0.0007886883017908942
L=-174290571.82212332	maxdevc=0.00077380759429850564
L=-174290568.90558165	maxdevc=0.00075913021117372012
L=-174290566.08373728	maxdevc=0.00074475951006598966
L=-174290563.35211438	maxdevc=0.00073046862259318335
L=-174290560.70653984	maxdevc=0.00071666061882361674
L=-174290558.14322048	maxdevc=0.00070409982128374373
L=-174290555.65877858	maxdevc=0.00069188096241204857
L=-174290553.24981582	maxdevc=0.00067990626096582076
L=-174290550.91300994	maxdevc=0.00066773912999914089
L=-174290548.64503962	maxdevc=0.00065627581635640652
L=-174290546.44288549	maxdevc=0.00064523294298688392
L=-174290544.30394942	maxdevc=0.00063450895052675354
L=-174290542.22585961	maxdevc=0.00062401689427109622
L=-174290540.2060622	maxdevc=0.00061378959610395906
L=-174290538.24222216	maxdevc=0.00060410161519231865
L=-174290536.33223841	maxdevc=0.00059440343249155404
L=-174290534.47416556	maxdevc=0.00058487357351537719
L=-174290532.66593343	maxdevc=0.00057552421587649821
L=-174290530.90550309	maxdevc=0.00056170646325969778
L=-174290529.19114488	maxdevc=0.00055756002969300968
L=-174290527.52112627	maxdevc=0.00054885507850073326
L=-174290525.89387131	maxdevc=0.00054031585471343076
L=-174290524.30796099	maxdevc=0.00053189601194918721
L=-174290522.76201749	maxdevc=0.00052359247412123579
L=-174290521.25470749	maxdevc=0.00051540411570867985
L=-174290519.78479367	maxdevc=0.00043562903303864554
L=-174290518.35102326	maxdevc=0.00043014024364695068
L=-174290516.95207638	maxdevc=0.00042317009554268336
L=-174290515.58675605	maxdevc=0.00041743718666500067
L=-174290514.2539601	maxdevc=0.00045260405016173561
L=-174290512.95259526	maxdevc=0.00044917643609914315
L=-174290511.68171081	maxdevc=0.00040200984216021802
L=-174290510.440292	maxdevc=0.00039655555638338228
L=-174290509.22726464	maxdevc=0.00039116451721649608
L=-174290508.04160708	maxdevc=0.00038609302554809668
L=-174290506.88260999	maxdevc=0.00041981684189543742
L=-174290505.74948856	maxdevc=0.00041445713183376929
L=-174290504.64138442	maxdevc=0.00037152929420161798
L=-174290503.55749592	maxdevc=0.00035927173661429976
L=-174290502.49700671	maxdevc=0.00035485307532129019
L=-174290501.45909011	maxdevc=0.00035044978669285666
L=-174290500.44312432	maxdevc=0.00037741980631122903
L=-174290499.44845951	maxdevc=0.00037350502393727121
